
酡红 
    163 56 33
嫣红
    185 98 80
赤 
    120 40 30
茜色 
    160 59 53
炎 
    170 60 30
妃色
    194 92 60

胭脂
    156 90 81
茶色
    158 105 84
琥珀
    134 74 38
檀
    155 106 87
绛紫
    11 84 92 

茶白
    230 250 220
牙色
    230 255 245
缟 
    255 250 230
藕色
    159 153 156
月白
    218 243 238
竹青
    109 136 96

青碧
    30 200 155
缥 
    174 255 164
艾绿
    199 255 221

水绿
    187 225 202

赭
    124 86 65
驼色
    142 124 95
绾
    107 94 84 
黄栌
    160 108 52
秋香
    160 140 45

靛青
    53 111 134
黛
    76 67 108
黝
    50 53 67
黛蓝
    71 88 107
玄青 
    45 64 80

黎
    74 68 40
缁色
    48 24 13
黯
    89 101 106
鸦青 
    68 73 84
漆黑 
    41 45 44

